0 0.8421875 0.5140625 0.0125 0.015625
1 0.85625 0.528125 0.040625 0.15
1 0.87734375 0.73671875 0.1 0.184375
1 0.6328125 0.57265625 0.0484375 0.1328125
1 0.4640625 0.49609375 0.0359375 0.140625
1 0.45625 0.49765625 0.0328125 0.125
1 0.4453125 0.5828125 0.0515625 0.1421875
1 0.33671875 0.59375 0.046875 0.171875
1 0.259375 0.61875 0.06875 0.1515625
1 0.0953125 0.7078125 0.0703125 0.1734375
1 0.01796875 0.68359375 0.021875 0.1625
1 0.15703125 0.67421875 0.003125 0.0015625
1 0.02265625 0.4453125 0.0453125 0.121875
1 0.03203125 0.36953125 0.040625 0.103125
1 0.05546875 0.12734375 0.0265625 0.084375
1 0.109375 0.9578125 0.04375 0.084375
0 0.47890625 0.08203125 0.009375 0.00625