1 0.2796875 0.2671875 0.03125 0.0984375
1 0.41171875 0.390625 0.0390625 0.1046875
1 0.45625 0.35625 0.034375 0.11875
1 0.4828125 0.32265625 0.0375 0.09375
1 0.5796875 0.3859375 0.0328125 0.121875
1 0.6359375 0.4390625 0.04375 0.1171875
1 0.67734375 0.4609375 0.0390625 0.1265625
1 0.69765625 0.3375 0.0375 0.1046875
1 0.4109375 0.59375 0.05625 0.121875
1 0.7234375 0.625 0.05 0.1515625
0 0.4953125 0.2671875 0.0109375 0.0078125
0 0.6765625 0.14296875 0.0078125 0.00625
0 0.16015625 0.215625 0.009375 0.0046875