1 0.6640625 0.42734375 0.0546875 0.1203125
1 0.11640625 0.16328125 0.046875 0.1046875
1 0.54140625 0.453125 0.059375 0.1171875
1 0.9875 0.43203125 0.025 0.0984375
1 0.609375 0.29453125 0.05 0.1015625
1 0.52265625 0.33515625 0.0515625 0.1140625
1 0.40546875 0.0765625 0.0375 0.084375
1 0.42421875 0.24921875 0.05625 0.1078125
1 0.6484375 0.28671875 0.0546875 0.0953125
1 0.95 0.39453125 0.0625 0.09375
1 0.9640625 0.33203125 0.0453125 0.0828125
0 0.51015625 0.11953125 0.0078125 0.00625
0 0.95625 0.3078125 0.009375 0.015625
1 0.43046875 0.2296875 0.0484375 0.0921875
1 0.54765625 0.40078125 0.0453125 0.1015625
1 0.959375 0.33046875 0.05 0.0890625