0 0.590625 0.4515625 0.01015625 0.00859375
0 0.6703125 0.19921875 0.0078125 0.003125
0 0.328125 0.2078125 0.00859375 0.003125
1 0.32890625 0.3375 0.03671875 0.09375
1 0.37734375 0.47890625 0.02734375 0.13125
1 0.5171875 0.490625 0.03359375 0.10859375
1 0.5609375 0.375 0.0296875 0.05234375
1 0.55703125 0.44375 0.0296875 0.12265625
1 0.60234375 0.46171875 0.01796875 0.12109375
1 0.58984375 0.40546875 0.0359375 0.09921875
1 0.35546875 0.7 0.0296875 0.15625
1 0.21953125 0.51328125 0.02578125 0.1375
1 0.89375 0.54765625 0.02421875 0.1296875