1 0.9125 0.55078125 0.0640625 0.1359375
1 0.70546875 0.5265625 0.0703125 0.1421875
1 0.634375 0.44609375 0.0625 0.1203125
1 0.653125 0.35859375 0.046875 0.1125
1 0.528125 0.43125 0.0484375 0.128125
1 0.54140625 0.37265625 0.053125 0.1109375
1 0.646875 0.80390625 0.06875 0.171875
1 0.29296875 0.61015625 0.06875 0.15625
1 0.31328125 0.4515625 0.065625 0.140625
1 0.2921875 0.45625 0.0609375 0.15625
1 0.2015625 0.5 0.065625 0.1578125
1 0.1625 0.33125 0.0671875 0.1171875
0 0.65234375 0.3859375 0.0140625 0.0140625
0 0.746875 0.24453125 0.009375 0.00625
0 0.1421875 0.15 0.0109375 0.00625