1 0.82265625 0.7828125 0.05 0.13671875
1 0.246875 0.44765625 0.02109375 0.07734375
1 0.71796875 0.66640625 0.0265625 0.11640625
1 0.103125 0.48984375 0.02578125 0.096875
1 0.4625 0.4875 0.02421875 0.08984375
1 0.6921875 0.509375 0.01953125 0.09140625
1 0.784375 0.69609375 0.02109375 0.11328125
1 0.12421875 0.4203125 0.02109375 0.0875
1 0.6234375 0.4671875 0.01953125 0.09765625
1 0.38828125 0.53203125 0.02109375 0.10078125
1 0.27578125 0.38984375 0.01640625 0.06640625
1 0.528125 0.4859375 0.0265625 0.0734375
1 0.31875 0.46171875 0.02265625 0.0828125
1 0.3453125 0.45390625 0.01953125 0.07734375
1 0.91328125 0.45859375 0.03671875 0.0921875
0 0.89921875 0.44609375 0.00859375 0.00703125
0 0.85 0.3140625 0.00625 0.00390625
0 0.54609375 0.28359375 0.00625 0.003125