0 0.5984375 0.46953125 0.0109375 0.0109375
0 0.72421875 0.2375 0.0078125 0.0046875
0 0.38671875 0.18046875 0.009375 0.0046875
1 0.36328125 0.3078125 0.0546875 0.0984375
1 0.38359375 0.45625 0.0515625 0.134375
1 0.51875 0.49375 0.053125 0.1125
1 0.58359375 0.3890625 0.0390625 0.0578125
1 0.56640625 0.45546875 0.053125 0.1265625
1 0.6078125 0.48203125 0.040625 0.121875
1 0.60625 0.42421875 0.0546875 0.1046875
1 0.3203125 0.66875 0.059375 0.159375
1 0.221875 0.459375 0.0515625 0.140625
1 0.87734375 0.621875 0.0484375 0.13125