1 0.70703125 0.3953125 0.02265625 0.0890625
1 0.403125 0.37109375 0.021875 0.0921875
1 0.71953125 0.52890625 0.025 0.10625
1 0.6328125 0.58671875 0.03203125 0.128125
1 0.25078125 0.5234375 0.02734375 0.11796875
1 0.4859375 0.3609375 0.02578125 0.08359375
1 0.30625 0.62421875 0.02265625 0.1265625
1 0.5234375 0.30390625 0.01796875 0.0796875
1 0.7875 0.3953125 0.02734375 0.0984375
0 0.53828125 0.25 0.01015625 0.00859375
0 0.696875 0.34296875 0.01015625 0.00390625
1 0.71953125 0.5109375 0.01953125 0.1125
1 0.640625 0.55625 0.021875 0.13203125