1 0.8625 0.5359375 0.071875 0.11875
1 0.8046875 0.51640625 0.04375 0.121875
1 0.44296875 0.48828125 0.0421875 0.11875
1 0.47265625 0.50703125 0.040625 0.13125
1 0.6265625 0.62421875 0.05 0.1421875
1 0.63984375 0.59765625 0.04375 0.128125
1 0.38046875 0.4546875 0.028125 0.0875
1 0.36171875 0.58125 0.0484375 0.1359375
1 0.334375 0.55234375 0.0453125 0.1421875
1 0.2828125 0.5171875 0.0484375 0.1109375
1 0.259375 0.409375 0.0453125 0.10625
1 0.36953125 0.3953125 0.0421875 0.1046875
1 0.45078125 0.19375 0.028125 0.075
0 0.57734375 0.3796875 0.0125 0.009375
0 0.50625 0.2234375 0.0078125 0.0046875
0 0.9109375 0.215625 0.009375 0.00625