1 0.91328125 0.45703125 0.03515625 0.13203125
1 0.70625 0.4796875 0.03984375 0.13671875
1 0.61875 0.4171875 0.0375 0.1140625
1 0.6171875 0.328125 0.02265625 0.1109375
1 0.51171875 0.4265625 0.0203125 0.12734375
1 0.51171875 0.36640625 0.02890625 0.1078125
1 0.71171875 0.76328125 0.03125 0.16875
1 0.3234375 0.65390625 0.0359375 0.1515625
1 0.30703125 0.49453125 0.0359375 0.13671875
1 0.2875 0.50390625 0.02734375 0.15390625
1 0.209375 0.5671875 0.03203125 0.15390625
1 0.13359375 0.41171875 0.04296875 0.1109375
0 0.62265625 0.3546875 0.01171875 0.01171875
0 0.6828125 0.1953125 0.00859375 0.00390625
0 0.07265625 0.23984375 0.009375 0.0046875