1 0.75 0.3875 0.02421875 0.10390625
1 0.61015625 0.5359375 0.03984375 0.11953125
1 0.590625 0.52890625 0.0328125 0.11796875
1 0.4859375 0.37265625 0.03671875 0.07890625
1 0.47109375 0.365625 0.02109375 0.0734375
1 0.44140625 0.61484375 0.04453125 0.134375
1 0.3359375 0.6421875 0.05078125 0.134375
1 0.34296875 0.371875 0.01875 0.0921875
1 0.31015625 0.43359375 0.0359375 0.1015625
1 0.2765625 0.43984375 0.04453125 0.10625
1 0.0953125 0.4875 0.0234375 0.11171875
1 0.06484375 0.3546875 0.03125 0.09609375
0 0.0171875 0.29765625 0.00859375 0.0046875
0 0.41875 0.315625 0.0078125 0.003125
0 0.4625 0.359375 0.00703125 0.0125
0 0.89765625 0.33828125 0.00859375 0.0046875
1 0.796875 0.28828125 0.02109375 0.084375