1 0.62734375 0.58125 0.0765625 0.1453125
1 0.48828125 0.584375 0.0734375 0.1375
1 0.70078125 0.57734375 0.065625 0.1484375
1 0.55859375 0.52109375 0.0546875 0.13125
1 0.88359375 0.52265625 0.0609375 0.1453125
1 0.39140625 0.4453125 0.053125 0.1234375
1 0.2234375 0.8140625 0.0640625 0.165625
1 0.1875 0.471875 0.0546875 0.1328125
1 0.4390625 0.58515625 0.08125 0.14375
1 0.73125 0.5328125 0.05625 0.115625
1 0.084375 0.57890625 0.05625 0.1453125
1 0.31875 0.7140625 0.059375 0.1546875
1 0.3640625 0.6390625 0.0515625 0.140625
0 0.71953125 0.5484375 0.015625 0.0171875