1 0.5390625 0.72265625 0.053125 0.1421875
1 0.62265625 0.7609375 0.059375 0.14375
1 0.33359375 0.715625 0.0390625 0.1359375
1 0.28515625 0.4796875 0.0453125 0.125
1 0.60234375 0.49921875 0.034375 0.103125
1 0.21328125 0.69296875 0.040625 0.1515625
1 0.6453125 0.57578125 0.046875 0.1171875
1 0.28828125 0.6375 0.04375 0.121875
1 0.1328125 0.34453125 0.028125 0.10625
1 0.05859375 0.5203125 0.028125 0.1
1 0.57890625 0.35859375 0.0265625 0.0875
1 0.0296875 0.6125 0.028125 0.1484375
1 0.56171875 0.39375 0.0203125 0.096875
0 0.63125 0.71640625 0.0109375 0.0234375