1 0.08203125 0.475 0.08125 0.1421875
1 0.18828125 0.47578125 0.0578125 0.13125
1 0.59140625 0.33984375 0.0640625 0.11875
1 0.10703125 0.3296875 0.0453125 0.0953125
1 0.59296875 0.17890625 0.046875 0.0984375
1 0.66953125 0.175 0.034375 0.0828125
1 0.64453125 0.35546875 0.046875 0.1359375
1 0.26953125 0.28671875 0.046875 0.109375
1 0.465625 0.30546875 0.05 0.1078125
1 0.47265625 0.2703125 0.0421875 0.0984375
1 0.03125 0.5921875 0.04375 0.1515625
1 0.05703125 0.6125 0.059375 0.1484375
0 0.4390625 0.20546875 0.0125 0.0078125