0 0.23828125 0.42578125 0.009375 0.0078125
0 0.37734375 0.33046875 0.0078125 0.00625
0 0.76875 0.4234375 0.0078125 0.0046875
1 0.1578125 0.89609375 0.046875 0.096875
1 0.21875 0.7453125 0.053125 0.121875
1 0.20625 0.54140625 0.04375 0.1140625
1 0.2609375 0.43984375 0.0390625 0.0953125
1 0.40625 0.5546875 0.0546875 0.103125
1 0.46640625 0.50390625 0.0390625 0.0890625
1 0.79921875 0.884375 0.0640625 0.134375
1 0.7046875 0.76953125 0.065625 0.125
1 0.67109375 0.74296875 0.053125 0.1109375
1 0.83125 0.6640625 0.053125 0.10625
1 0.984375 0.6046875 0.01875 0.0578125
1 0.9953125 0.4484375 0.009375 0.06875