1 0.91953125 0.5484375 0.0265625 0.121875
1 0.83515625 0.61953125 0.0265625 0.1171875
1 0.77265625 0.55859375 0.0234375 0.1203125
1 0.75546875 0.63359375 0.0421875 0.128125
1 0.35625 0.771875 0.0421875 0.1421875
1 0.48125 0.6296875 0.0296875 0.1265625
1 0.60078125 0.634375 0.0296875 0.13125
1 0.459375 0.5859375 0.0296875 0.1234375
1 0.59921875 0.4796875 0.03125 0.1046875
1 0.078125 0.67421875 0.0296875 0.1328125
1 0.209375 0.43359375 0.03125 0.0875
1 0.253125 0.42109375 0.025 0.1078125
0 0.04765625 0.32890625 0.009375 0.0046875
0 0.56875 0.2765625 0.0078125 0.0046875
0 0.91328125 0.52734375 0.0109375 0.015625