0 0.0359375 0.371875 0.00859375 0.0046875
0 0.18515625 0.396875 0.01015625 0.00625
1 0.01640625 0.45859375 0.02265625 0.08671875
1 0.0640625 0.46796875 0.0359375 0.0859375
1 0.215625 0.4078125 0.05546875 0.08046875
1 0.2671875 0.41796875 0.02890625 0.08359375
1 0.71171875 0.725 0.02265625 0.1328125
1 0.740625 0.7390625 0.04609375 0.13515625
1 0.94609375 0.428125 0.0203125 0.1078125
1 0.65625 0.5546875 0.0375 0.103125
1 0.55625 0.440625 0.02421875 0.08828125
1 0.46171875 0.4546875 0.0296875 0.08359375
0 0.4515625 0.39296875 0.009375 0.00546875