0 0.58828125 0.446875 0.0109375 0.009375
0 0.6546875 0.190625 0.0078125 0.003125
0 0.31328125 0.2171875 0.009375 0.003125
1 0.3203125 0.346875 0.0421875 0.0953125
1 0.3765625 0.48515625 0.034375 0.1328125
1 0.51640625 0.48984375 0.0390625 0.1109375
1 0.5546875 0.371875 0.0328125 0.053125
1 0.55390625 0.440625 0.0359375 0.1234375
1 0.6 0.45625 0.025 0.121875
1 0.58515625 0.40078125 0.040625 0.1015625
1 0.36640625 0.70703125 0.0375 0.1578125
1 0.2203125 0.528125 0.0328125 0.1390625
1 0.89609375 0.52734375 0.03125 0.13125