1 0.42421875 0.44296875 0.0203125 0.14296875
1 0.534375 0.51328125 0.03671875 0.1359375
1 0.55703125 0.50078125 0.0328125 0.11328125
1 0.59765625 0.48984375 0.0390625 0.1359375
1 0.61640625 0.3796875 0.0234375 0.11328125
1 0.640625 0.371875 0.02265625 0.1265625
1 0.7390625 0.31484375 0.02109375 0.0984375
1 0.83046875 0.278125 0.01953125 0.1078125
1 0.88984375 0.25625 0.0375 0.10625
1 0.9296875 0.28671875 0.03984375 0.1171875
1 0.01875 0.3671875 0.0375 0.10546875
1 0.04921875 0.41640625 0.04453125 0.09609375
1 0.20625 0.29296875 0.03984375 0.09765625
1 0.19296875 0.27265625 0.04453125 0.0671875
0 0.63125 0.3421875 0.01015625 0.015625