1 0.31875 0.23515625 0.0328125 0.0984375
1 0.4296875 0.378125 0.040625 0.1046875
1 0.47890625 0.3515625 0.0359375 0.1203125
1 0.5109375 0.321875 0.0390625 0.09375
1 0.596875 0.39921875 0.034375 0.1234375
1 0.64375 0.4609375 0.0453125 0.11875
1 0.68125 0.4890625 0.0421875 0.1265625
1 0.72109375 0.3703125 0.0390625 0.1046875
1 0.39765625 0.57890625 0.0578125 0.1234375
1 0.70078125 0.65859375 0.0515625 0.1515625
0 0.53203125 0.26875 0.0109375 0.009375
0 0.7296875 0.175 0.0078125 0.00625
0 0.20859375 0.16640625 0.009375 0.0046875