1 0.7765625 0.37734375 0.02578125 0.11015625
1 0.74765625 0.45546875 0.02421875 0.10625
1 0.65859375 0.45546875 0.01953125 0.11640625
1 0.578125 0.39296875 0.02421875 0.10390625
1 0.68828125 0.5578125 0.04375 0.11953125
1 0.80078125 0.690625 0.03125 0.15859375
1 0.2890625 0.50703125 0.028125 0.12734375
1 0.34921875 0.50703125 0.03046875 0.11875
1 0.46484375 0.53828125 0.025 0.13359375
1 0.21171875 0.78984375 0.05546875 0.128125
1 0.04921875 0.70859375 0.0203125 0.14765625
1 0.1015625 0.3390625 0.03046875 0.09375
0 0.13671875 0.21875 0.0078125 0.003125
0 0.65703125 0.17890625 0.0078125 0.003125
0 0.76171875 0.44375 0.00625 0.0046875