1 0.08984375 0.4171875 0.0625 0.134375
1 0.19453125 0.4328125 0.040625 0.12734375
1 0.6125 0.35390625 0.04921875 0.1125
1 0.134375 0.2765625 0.03359375 0.09140625
1 0.63671875 0.1953125 0.034375 0.09453125
1 0.71328125 0.2015625 0.0234375 0.0796875
1 0.66328125 0.37734375 0.02890625 0.1328125
1 0.3015625 0.25703125 0.0328125 0.10625
1 0.49296875 0.30234375 0.0359375 0.103125
1 0.5046875 0.26875 0.0296875 0.0953125
1 0.02265625 0.52578125 0.0234375 0.14921875
1 0.0453125 0.55 0.0390625 0.14453125
0 0.48046875 0.2 0.0109375 0.00703125