1 0.64140625 0.38984375 0.02734375 0.11640625
1 0.04609375 0.26640625 0.0234375 0.1015625
1 0.52890625 0.44453125 0.0328125 0.11328125
1 0.96953125 0.3125 0.03046875 0.09375
1 0.55625 0.27421875 0.028125 0.096875
1 0.48203125 0.334375 0.02578125 0.1109375
1 0.30546875 0.11171875 0.01875 0.0828125
1 0.365625 0.275 0.03203125 0.103125
1 0.5921875 0.25703125 0.034375 0.0890625
1 0.9109375 0.2890625 0.04375 0.0859375
1 0.909375 0.225 0.0265625 0.07890625
0 0.41796875 0.128125 0.0078125 0.00390625
0 0.89609375 0.203125 0.00546875 0.01484375
1 0.3671875 0.2546875 0.02734375 0.08828125
1 0.521875 0.3921875 0.021875 0.0984375
1 0.9046875 0.22421875 0.03046875 0.08359375