1 0.72109375 0.33828125 0.0453125 0.10625
1 0.61484375 0.5125 0.0640625 0.125
1 0.59453125 0.509375 0.05625 0.121875
1 0.46015625 0.378125 0.0515625 0.084375
1 0.44375 0.37421875 0.0359375 0.0765625
1 0.46640625 0.62421875 0.071875 0.140625
1 0.36875 0.6734375 0.078125 0.1421875
1 0.31953125 0.40703125 0.0375 0.09375
1 0.30078125 0.47421875 0.05625 0.10625
1 0.26875 0.4875 0.065625 0.1125
1 0.1015625 0.571875 0.046875 0.1140625
1 0.04453125 0.4484375 0.05 0.1
0 0.38203125 0.33671875 0.0078125 0.0046875
0 0.434375 0.3703125 0.009375 0.0140625
0 0.85546875 0.259375 0.009375 0.00625
1 0.74609375 0.23125 0.0375 0.0875