1 0.546875 0.72109375 0.0484375 0.13984375
1 0.63203125 0.75625 0.05390625 0.14140625
1 0.34140625 0.72109375 0.034375 0.134375
1 0.284375 0.4875 0.040625 0.1234375
1 0.60234375 0.4953125 0.03125 0.10234375
1 0.2203125 0.703125 0.03515625 0.15
1 0.64765625 0.5703125 0.0421875 0.11640625
1 0.29296875 0.64453125 0.03984375 0.12109375
1 0.12734375 0.3578125 0.02421875 0.1046875
1 0.059375 0.5359375 0.025 0.09921875
1 0.57421875 0.35625 0.0234375 0.08671875
1 0.03359375 0.62890625 0.02265625 0.1484375
1 0.5578125 0.39140625 0.01640625 0.09609375
0 0.6390625 0.71171875 0.01015625 0.02265625