0 0.74609375 0.3125 0.0125 0.0109375
0 0.76953125 0.0578125 0.0078125 0.00625
0 0.2734375 0.2203125 0.009375 0.00625
1 0.75 0.31484375 0.0515625 0.1203125
1 0.7078125 0.24921875 0.046875 0.103125
1 0.6890625 0.34140625 0.0640625 0.125
1 0.6140625 0.29296875 0.053125 0.1046875
1 0.6875 0.42578125 0.0609375 0.13125
1 0.8 0.53671875 0.075 0.146875
1 0.35546875 0.4703125 0.0671875 0.128125
1 0.35625 0.453125 0.0609375 0.11875
1 0.375 0.33046875 0.05 0.1
1 0.26484375 0.35703125 0.0625 0.0984375
1 0.1453125 0.63203125 0.0640625 0.1265625