0 0.70078125 0.2984375 0.0140625 0.0109375
1 0.76875 0.40390625 0.0265625 0.0953125
1 0.79453125 0.39609375 0.028125 0.1125
1 0.87890625 0.2609375 0.05 0.096875
1 0.8640625 0.35078125 0.034375 0.1140625
1 0.9265625 0.2921875 0.0515625 0.10625
1 0.9640625 0.33671875 0.0234375 0.115625
1 0.0609375 0.3609375 0.0359375 0.1171875
1 0.10234375 0.36171875 0.0546875 0.1109375
1 0.20703125 0.2640625 0.046875 0.1
1 0.18203125 0.2296875 0.0390625 0.1125
1 0.48828125 0.4796875 0.0484375 0.1328125
1 0.5484375 0.4546875 0.065625 0.1296875
1 0.55390625 0.44296875 0.03125 0.1296875
1 0.6765625 0.54140625 0.0375 0.1421875