1 0.88828125 0.4390625 0.0546875 0.0875
1 0.5703125 0.59609375 0.04375 0.1171875
1 0.09609375 0.41796875 0.0296875 0.0953125
1 0.64140625 0.6125 0.0375 0.128125
1 0.39453125 0.52890625 0.0328125 0.1109375
1 0.29453125 0.4515625 0.040625 0.1109375
1 0.42265625 0.53203125 0.0328125 0.1203125
1 0.0515625 0.45078125 0.034375 0.096875
1 0.815625 0.4328125 0.0421875 0.0828125
1 0.4984375 0.3921875 0.0359375 0.078125
1 0.77890625 0.365625 0.04375 0.078125
1 0.22890625 0.4921875 0.0328125 0.1
1 0.52890625 0.39453125 0.0375 0.08125
0 0.28984375 0.37109375 0.0078125 0.0046875
0 0.75703125 0.3640625 0.009375 0.0046875
1 0.79921875 0.3703125 0.0390625 0.0765625