1 0.809375 0.7078125 0.03359375 0.1578125
1 0.9625 0.690625 0.03515625 0.1609375
1 0.31015625 0.48515625 0.0296875 0.1359375
1 0.15234375 0.62578125 0.05 0.12421875
1 0.3921875 0.4 0.03203125 0.12734375
1 0.5515625 0.66953125 0.034375 0.16328125
1 0.3734375 0.784375 0.02734375 0.13125
1 0.0828125 0.56953125 0.046875 0.1734375
1 0.5390625 0.55234375 0.02734375 0.13203125
1 0.821875 0.56484375 0.03828125 0.140625
1 0.8140625 0.63828125 0.021875 0.1390625
1 0.57421875 0.4828125 0.028125 0.12421875
1 0.57734375 0.559375 0.02421875 0.15390625
1 0.79921875 0.4875 0.025 0.11328125
0 0.13046875 0.453125 0.01484375 0.0234375