1 0.10078125 0.375 0.0765625 0.140625
1 0.203125 0.4015625 0.053125 0.13125
1 0.62734375 0.36640625 0.0609375 0.1171875
1 0.159375 0.23984375 0.0421875 0.09375
1 0.66796875 0.2109375 0.04375 0.096875
1 0.74296875 0.22578125 0.03125 0.08125
1 0.675 0.3953125 0.0421875 0.134375
1 0.328125 0.2375 0.04375 0.109375
1 0.51328125 0.30234375 0.046875 0.10625
1 0.52890625 0.2703125 0.0390625 0.0984375
1 0.02265625 0.47578125 0.0390625 0.1515625
1 0.0421875 0.50234375 0.0546875 0.1484375
0 0.51171875 0.19921875 0.0109375 0.0078125