1 0.09375 0.253125 0.0375 0.090625
1 0.7625 0.43046875 0.0359375 0.1265625
1 0.52109375 0.35546875 0.0328125 0.121875
1 0.7375 0.17890625 0.028125 0.10625
1 0.1796875 0.2515625 0.0296875 0.0984375
1 0.32578125 0.3015625 0.0265625 0.1
1 0.38515625 0.25078125 0.0375 0.1109375
1 0.22578125 0.09765625 0.028125 0.0890625
1 0.30546875 0.3828125 0.0421875 0.1046875
1 0.7890625 0.20859375 0.0359375 0.0921875
1 0.11796875 0.94375 0.0953125 0.1125
1 0.8421875 0.3171875 0.0296875 0.1171875
1 0.70234375 0.40078125 0.0265625 0.0828125
1 0.8171875 0.2953125 0.03125 0.1140625
1 0.7015625 0.46875 0.0375 0.1375
1 0.29609375 0.346875 0.0296875 0.1046875
0 0.72890625 0.1625 0.0078125 0.015625