0 0.228125 0.5109375 0.009375 0.0078125
0 0.33046875 0.3765625 0.0078125 0.00625
0 0.73203125 0.34375 0.0078125 0.0046875
1 0.296875 0.9671875 0.040625 0.065625
1 0.30859375 0.8203125 0.0453125 0.121875
1 0.23359375 0.63046875 0.0359375 0.1140625
1 0.25390625 0.5171875 0.0328125 0.09375
1 0.428125 0.58125 0.0484375 0.1015625
1 0.46953125 0.5140625 0.0328125 0.0875
1 0.903125 0.7734375 0.05625 0.1328125
1 0.778125 0.69296875 0.0578125 0.1234375
1 0.7375 0.67890625 0.046875 0.1109375
1 0.865625 0.553125 0.046875 0.1046875
1 0.9921875 0.44921875 0.015625 0.0578125
1 0.9671875 0.29453125 0.0296875 0.0671875