1 0.921875 0.51875 0.034375 0.1234375
1 0.8421875 0.5953125 0.034375 0.11875
1 0.7765625 0.5390625 0.0328125 0.121875
1 0.7640625 0.615625 0.0515625 0.1296875
1 0.37578125 0.78125 0.0515625 0.1453125
1 0.490625 0.63125 0.0390625 0.128125
1 0.61015625 0.6265625 0.0390625 0.1328125
1 0.465625 0.58828125 0.0375 0.125
1 0.596875 0.47265625 0.0390625 0.10625
1 0.09140625 0.70390625 0.0390625 0.134375
1 0.20546875 0.4546875 0.0375 0.0890625
1 0.2484375 0.4390625 0.03125 0.109375
0 0.03671875 0.3609375 0.009375 0.0046875
0 0.553125 0.27265625 0.0078125 0.0046875
0 0.9140625 0.4984375 0.0125 0.0171875