1 0.41484375 0.45859375 0.046875 0.14375
1 0.5359375 0.50625 0.0625 0.140625
1 0.55625 0.48984375 0.053125 0.1171875
1 0.59375 0.47109375 0.0640625 0.140625
1 0.59140625 0.359375 0.0453125 0.115625
1 0.61328125 0.34765625 0.046875 0.128125
1 0.69921875 0.27265625 0.0390625 0.1
1 0.78203125 0.21953125 0.0390625 0.109375
1 0.8359375 0.18671875 0.0578125 0.1109375
1 0.88125 0.20859375 0.0609375 0.121875
1 0.01484375 0.46171875 0.0296875 0.1109375
1 0.04140625 0.50390625 0.0625 0.103125
1 0.171875 0.353125 0.0578125 0.103125
1 0.15546875 0.33515625 0.05625 0.075
0 0.5984375 0.3203125 0.0125 0.0171875