1 0.50703125 0.3453125 0.034375 0.1140625
1 0.5359375 0.21953125 0.028125 0.0953125
1 0.8640625 0.24609375 0.03125 0.0921875
1 0.91171875 0.284375 0.0328125 0.115625
1 0.23515625 0.2046875 0.0234375 0.084375
1 0.23125 0.1109375 0.025 0.090625
1 0.440625 0.30625 0.03125 0.1078125
1 0.29453125 0.20546875 0.028125 0.084375
1 0.95546875 0.3140625 0.0265625 0.1140625
1 0.478125 0.21953125 0.0296875 0.090625
1 0.3875 0.40703125 0.028125 0.1171875
1 0.36953125 0.36875 0.0375 0.121875
0 0.5375 0.0953125 0.0109375 0.0078125
0 0.37890625 0.13125 0.009375 0.0046875
1 0.85 0.2359375 0.01875 0.0921875