1 0.4484375 0.7609375 0.059375 0.18125
1 0.43125 0.29296875 0.0359375 0.1078125
1 0.01015625 0.41015625 0.0203125 0.1140625
1 0.88359375 0.53984375 0.0453125 0.15
1 0.53984375 0.37578125 0.0375 0.1203125
1 0.125 0.53515625 0.0421875 0.1296875
1 0.53671875 0.09765625 0.025 0.0828125
1 0.1203125 0.4125 0.0421875 0.13125
1 0.0953125 0.31328125 0.03125 0.090625
1 0.02734375 0.41015625 0.0375 0.1046875
0 0.565625 0.66484375 0.015625 0.0078125
0 0.00859375 0.1453125 0.0078125 0.003125
0 0.41640625 0.13671875 0.009375 0.0046875
0 0.90546875 0.13046875 0.009375 0.0046875