1 0.76953125 0.36328125 0.03125 0.1109375
1 0.7453125 0.4421875 0.0296875 0.1078125
1 0.65625 0.446875 0.025 0.1171875
1 0.57265625 0.3890625 0.0296875 0.1046875
1 0.69140625 0.54765625 0.05 0.121875
1 0.81015625 0.675 0.0390625 0.159375
1 0.28984375 0.51796875 0.034375 0.128125
1 0.35 0.51484375 0.0359375 0.1203125
1 0.4671875 0.53984375 0.03125 0.134375
1 0.22734375 0.8046875 0.0625 0.13125
1 0.0609375 0.73203125 0.028125 0.1484375
1 0.09375 0.36015625 0.0359375 0.0953125
0 0.12265625 0.23828125 0.0078125 0.003125
0 0.63984375 0.17109375 0.0078125 0.003125
0 0.75859375 0.43046875 0.00625 0.0046875