0 0.7859375 0.3828125 0.01015625 0.009375
0 0.875 0.14296875 0.00703125 0.0046875
0 0.35390625 0.17109375 0.0078125 0.0046875
1 0.7890625 0.3859375 0.02109375 0.11875
1 0.765625 0.31171875 0.02109375 0.1015625
1 0.7234375 0.3953125 0.03359375 0.12109375
1 0.6640625 0.3296875 0.028125 0.10078125
1 0.70078125 0.4765625 0.02890625 0.12734375
1 0.78046875 0.61328125 0.0390625 0.1421875
1 0.36796875 0.43359375 0.03671875 0.12265625
1 0.3734375 0.4171875 0.0328125 0.1140625
1 0.4234375 0.30390625 0.025 0.096875
1 0.31015625 0.30078125 0.040625 0.090625
1 0.1234375 0.5359375 0.03359375 0.12265625
0 0.0046875 0.19296875 0.00859375 0.0046875