1 0.62265625 0.5875 0.0703125 0.14375
1 0.484375 0.58359375 0.0671875 0.1359375
1 0.69609375 0.5875 0.0578125 0.146875
1 0.55703125 0.52421875 0.0484375 0.13125
1 0.88125 0.54296875 0.053125 0.1453125
1 0.39453125 0.43984375 0.046875 0.1234375
1 0.2078125 0.79921875 0.05625 0.165625
1 0.1890625 0.45546875 0.0484375 0.13125
1 0.43515625 0.58203125 0.075 0.1421875
1 0.72890625 0.5453125 0.0515625 0.1140625
1 0.08046875 0.55703125 0.0484375 0.1453125
1 0.3078125 0.7046875 0.0515625 0.153125
1 0.35703125 0.63125 0.0453125 0.1390625
0 0.71640625 0.559375 0.0140625 0.0171875