1 0.6859375 0.3609375 0.0375 0.0921875
1 0.38203125 0.38984375 0.0375 0.0953125
1 0.72109375 0.490625 0.04375 0.109375
1 0.64609375 0.5625 0.053125 0.13125
1 0.25859375 0.56640625 0.046875 0.1203125
1 0.46171875 0.365625 0.040625 0.0875
1 0.33046875 0.65625 0.04375 0.128125
1 0.4890625 0.303125 0.03125 0.08125
1 0.76484375 0.346875 0.04375 0.1015625
0 0.49453125 0.246875 0.0109375 0.0109375
0 0.66640625 0.3109375 0.0109375 0.00625
1 0.71796875 0.47265625 0.0390625 0.1140625
1 0.6484375 0.53125 0.04375 0.134375