1 0.4 0.275 0.0421875 0.1046875
1 0.728125 0.4734375 0.05 0.125
1 0.45234375 0.32421875 0.0546875 0.1015625
1 0.328125 0.303125 0.05625 0.109375
1 0.51484375 0.3671875 0.059375 0.1125
1 0.49765625 0.25546875 0.05 0.0953125
1 0.35625 0.08203125 0.0375 0.0921875
1 0.17578125 0.18203125 0.04375 0.090625
1 0.86875 0.38046875 0.0578125 0.115625
1 0.90234375 0.39765625 0.046875 0.0984375
1 0.89921875 0.29140625 0.04375 0.1
1 0.6234375 0.50859375 0.0484375 0.1171875
1 0.62421875 0.46484375 0.059375 0.1359375
1 0.903125 0.28828125 0.0421875 0.1078125
0 0.89140625 0.27265625 0.0046875 0.00625