1 0.7734375 0.75390625 0.0578125 0.1609375
1 0.92734375 0.7609375 0.059375 0.1640625
1 0.31484375 0.45546875 0.05 0.1390625
1 0.13671875 0.56953125 0.06875 0.13125
1 0.409375 0.384375 0.0515625 0.13125
1 0.52421875 0.67578125 0.059375 0.1671875
1 0.33046875 0.7609375 0.046875 0.134375
1 0.07734375 0.503125 0.0734375 0.178125
1 0.53046875 0.5578125 0.0484375 0.134375
1 0.8078125 0.6140625 0.059375 0.1453125
1 0.78828125 0.6859375 0.04375 0.140625
1 0.57578125 0.49453125 0.046875 0.1265625
1 0.5671875 0.57109375 0.0484375 0.15625
1 0.79765625 0.534375 0.0421875 0.115625
0 0.1421875 0.39609375 0.01875 0.025