1 0.75859375 0.409375 0.0328125 0.10625
1 0.60625 0.5453125 0.05 0.121875
1 0.5875 0.53671875 0.04375 0.1203125
1 0.496875 0.371875 0.04375 0.08125
1 0.4828125 0.36328125 0.028125 0.075
1 0.43125 0.609375 0.05625 0.1375
1 0.32421875 0.62734375 0.0625 0.1390625
1 0.3546875 0.35859375 0.0265625 0.09375
1 0.31640625 0.4171875 0.0453125 0.1046875
1 0.2828125 0.4203125 0.053125 0.109375
1 0.09765625 0.45234375 0.0328125 0.1140625
1 0.07890625 0.3171875 0.0390625 0.0984375
0 0.03671875 0.25625 0.009375 0.0046875
0 0.43515625 0.309375 0.0078125 0.003125
0 0.475 0.35703125 0.0078125 0.0125
0 0.91015625 0.3734375 0.009375 0.0046875
1 0.8140625 0.31484375 0.028125 0.0859375