1 0.890625 0.459375 0.05078125 0.084375
1 0.56484375 0.6 0.03828125 0.115625
1 0.10078125 0.396875 0.02421875 0.09375
1 0.63515625 0.61953125 0.03046875 0.1265625
1 0.39296875 0.5234375 0.0265625 0.11015625
1 0.29765625 0.440625 0.034375 0.10859375
1 0.42109375 0.528125 0.02734375 0.11875
1 0.0546875 0.42734375 0.0296875 0.09609375
1 0.81875 0.44921875 0.0375 0.08046875
1 0.50390625 0.3921875 0.03125 0.0765625
1 0.7859375 0.38046875 0.03984375 0.07578125
1 0.2296875 0.478125 0.028125 0.09921875
1 0.534375 0.39609375 0.03359375 0.07890625
0 0.296875 0.36015625 0.0078125 0.00390625
0 0.7640625 0.37734375 0.00859375 0.00390625
1 0.80546875 0.3859375 0.0359375 0.07421875