0 0.6859375 0.28515625 0.01328125 0.009375
1 0.76171875 0.38515625 0.0203125 0.09375
1 0.78671875 0.37578125 0.0203125 0.11171875
1 0.8609375 0.23515625 0.04375 0.09453125
1 0.853125 0.32578125 0.02578125 0.11328125
1 0.9109375 0.26328125 0.04375 0.103125
1 0.9515625 0.3046875 0.01484375 0.115625
1 0.05234375 0.3921875 0.028125 0.115625
1 0.09375 0.38984375 0.046875 0.1078125
1 0.19140625 0.28515625 0.03984375 0.096875
1 0.1640625 0.25234375 0.03203125 0.11015625
1 0.48671875 0.48046875 0.03984375 0.13046875
1 0.5453125 0.4515625 0.05625 0.12578125
1 0.55 0.4390625 0.02265625 0.128125
1 0.67890625 0.52890625 0.02734375 0.13984375