1 0.8015625 0.71875 0.0390625 0.159375
1 0.95546875 0.70703125 0.040625 0.1625
1 0.3109375 0.47890625 0.034375 0.1375
1 0.1484375 0.61328125 0.0546875 0.1265625
1 0.39609375 0.39609375 0.0359375 0.128125
1 0.5453125 0.67109375 0.040625 0.1640625
1 0.36328125 0.7796875 0.03125 0.1328125
1 0.08046875 0.5546875 0.053125 0.175
1 0.5375 0.55390625 0.03125 0.1328125
1 0.81953125 0.57578125 0.04375 0.1421875
1 0.809375 0.64921875 0.0265625 0.1390625
1 0.575 0.48515625 0.0328125 0.125
1 0.575 0.56171875 0.0296875 0.1546875
1 0.79921875 0.49765625 0.0296875 0.1140625
0 0.13203125 0.440625 0.015625 0.0234375