1 0.16640625 0.93671875 0.04609375 0.12421875
1 0.1015625 0.27734375 0.025 0.096875
1 0.6046875 0.16875 0.02578125 0.0921875
1 0.7703125 0.2953125 0.0234375 0.11015625
1 0.309375 0.41875 0.04296875 0.12421875
1 0.2578125 0.30078125 0.0359375 0.10703125
1 0.27734375 0.24921875 0.02421875 0.090625
1 0.4875 0.36015625 0.03671875 0.121875
1 0.14296875 0.07265625 0.0171875 0.08046875
1 0.3265625 0.36875 0.028125 0.10078125
1 0.7171875 0.46640625 0.0296875 0.1328125
1 0.74296875 0.2265625 0.021875 0.09921875
1 0.10546875 0.26953125 0.03671875 0.09296875
1 0.734375 0.4359375 0.03671875 0.12109375
1 0.74296875 0.40703125 0.04609375 0.1078125
1 0.78828125 0.30703125 0.0203125 0.11171875
0 0.60078125 0.16015625 0.00859375 0.00546875