1 0.7171875 0.25546875 0.03125 0.1140625
1 0.3 0.39296875 0.034375 0.1328125
1 0.296875 0.28046875 0.0390625 0.10625
1 0.7296875 0.40703125 0.028125 0.12265625
1 0.65546875 0.23203125 0.028125 0.12109375
1 0.59453125 0.3578125 0.03515625 0.10234375
1 0.36953125 0.40625 0.03125 0.12734375
1 0.60859375 0.246875 0.03671875 0.10859375
1 0.146875 0.48203125 0.05546875 0.1328125
1 0.78984375 0.30703125 0.02734375 0.1109375
1 0.24765625 0.3140625 0.0359375 0.10859375
0 0.7875 0.27890625 0.01015625 0.01875