0 0.22890625 0.47734375 0.0078125 0.00703125
0 0.346875 0.35703125 0.00703125 0.0046875
0 0.74921875 0.3734375 0.0078125 0.00390625
1 0.23984375 0.95390625 0.0296875 0.0921875
1 0.27109375 0.79453125 0.03046875 0.11875
1 0.21953125 0.596875 0.02265625 0.11171875
1 0.25390625 0.48671875 0.021875 0.0921875
1 0.41875 0.571875 0.03671875 0.09765625
1 0.46796875 0.51015625 0.02265625 0.0859375
1 0.8671875 0.8203125 0.040625 0.12890625
1 0.75234375 0.72578125 0.04296875 0.11953125
1 0.7140625 0.70625 0.03359375 0.10703125
1 0.85625 0.59765625 0.03515625 0.1015625
1 0.9953125 0.51015625 0.00859375 0.05703125
1 0.9890625 0.353125 0.02109375 0.065625