1 0.85703125 0.42109375 0.0515625 0.1328125
1 0.51484375 0.41015625 0.05 0.121875
1 0.2546875 0.75546875 0.0640625 0.165625
1 0.11171875 0.346875 0.034375 0.11875
1 0.1890625 0.38828125 0.0390625 0.1125
1 0.50625 0.80390625 0.0453125 0.10625
1 0.37421875 0.509375 0.0546875 0.1390625
1 0.359375 0.2 0.0375 0.096875
1 0.45234375 0.44609375 0.0421875 0.140625
1 0.2734375 0.54140625 0.0484375 0.14375
1 0.75703125 0.496875 0.046875 0.1421875
1 0.76875 0.47109375 0.0265625 0.109375
1 0.74921875 0.4046875 0.03125 0.0859375
0 0.83984375 0.40703125 0.009375 0.009375
0 0.3578125 0.23359375 0.0078125 0.0046875
0 0.9625 0.140625 0.0046875 0.003125