1 0.43046875 0.75703125 0.046875 0.17890625
1 0.44609375 0.2890625 0.028125 0.10546875
1 0.01328125 0.37578125 0.02109375 0.11328125
1 0.8796875 0.56640625 0.03515625 0.1484375
1 0.5484375 0.37890625 0.02890625 0.11875
1 0.1234375 0.50859375 0.03359375 0.12734375
1 0.56484375 0.1015625 0.01875 0.08125
1 0.12734375 0.3859375 0.0328125 0.1296875
1 0.109375 0.28515625 0.025 0.0890625
1 0.03515625 0.37734375 0.0296875 0.103125
0 0.55390625 0.66875 0.015625 0.00703125
0 0.034375 0.11171875 0.00703125 0.00234375
0 0.4421875 0.13203125 0.009375 0.0046875
0 0.93046875 0.159375 0.009375 0.00390625