1 0.47265625 0.5046875 0.05625 0.125
1 0.71953125 0.50625 0.046875 0.0953125
1 0.59296875 0.37265625 0.0421875 0.09375
1 0.81015625 0.83828125 0.05625 0.146875
1 0.625 0.3828125 0.03125 0.0921875
1 0.346875 0.4984375 0.046875 0.128125
1 0.42890625 0.39140625 0.0359375 0.0921875
1 0.85859375 0.3875 0.0265625 0.0796875
1 0.91328125 0.39453125 0.0296875 0.09375
1 0.33046875 0.421875 0.0359375 0.103125
0 0.53046875 0.42578125 0.0078125 0.0078125
0 0.65546875 0.32734375 0.0078125 0.00625
0 0.30234375 0.3046875 0.009375 0.0046875
1 0.859375 0.52734375 0.034375 0.1109375
1 0.8734375 0.4875 0.0421875 0.0890625