1 0.5046875 0.3453125 0.03203125 0.1140625
1 0.53125 0.21875 0.02578125 0.0953125
1 0.859375 0.23984375 0.02890625 0.09140625
1 0.9078125 0.27734375 0.03046875 0.11484375
1 0.2296875 0.209375 0.02265625 0.084375
1 0.22421875 0.115625 0.0234375 0.08984375
1 0.4375 0.30703125 0.02890625 0.1078125
1 0.2890625 0.209375 0.02734375 0.084375
1 0.95234375 0.30625 0.025 0.11328125
1 0.4734375 0.2203125 0.028125 0.08984375
1 0.3859375 0.409375 0.0265625 0.11640625
1 0.3671875 0.37109375 0.03515625 0.121875
0 0.53046875 0.09453125 0.0109375 0.0078125
0 0.37265625 0.13359375 0.00859375 0.00390625
1 0.8453125 0.2296875 0.0171875 0.0921875