1 0.9046875 0.40703125 0.0515625 0.1359375
1 0.70234375 0.4546875 0.05625 0.140625
1 0.6078125 0.403125 0.0515625 0.1171875
1 0.5953125 0.31484375 0.0359375 0.1125
1 0.50234375 0.42578125 0.0359375 0.128125
1 0.4953125 0.365625 0.0421875 0.1109375
1 0.7421875 0.73515625 0.0515625 0.171875
1 0.34375 0.67421875 0.0546875 0.1546875
1 0.3078125 0.51796875 0.0515625 0.140625
1 0.28984375 0.5296875 0.0453125 0.15625
1 0.21953125 0.60234375 0.05 0.15625
1 0.12578125 0.45703125 0.05625 0.115625
0 0.60390625 0.340625 0.0125 0.0125
0 0.64453125 0.175 0.009375 0.0046875
0 0.04375 0.29375 0.009375 0.00625