1 0.759375 0.34453125 0.0390625 0.1125
1 0.740625 0.42578125 0.0375 0.1078125
1 0.65234375 0.43671875 0.0328125 0.1171875
1 0.56484375 0.384375 0.0359375 0.10625
1 0.69375 0.534375 0.0578125 0.1234375
1 0.821875 0.65234375 0.05 0.1609375
1 0.29140625 0.5328125 0.04375 0.1296875
1 0.3515625 0.525 0.0453125 0.121875
1 0.46953125 0.5421875 0.040625 0.1359375
1 0.24921875 0.82265625 0.0703125 0.134375
1 0.078125 0.76171875 0.0375 0.1484375
1 0.08515625 0.3890625 0.0421875 0.096875
0 0.10546875 0.26484375 0.0078125 0.0046875
0 0.61640625 0.1625 0.0078125 0.0046875
0 0.753125 0.4125 0.00625 0.0046875