0 0.7296875 0.3328125 0.015625 0.0125
1 0.78046875 0.446875 0.040625 0.0953125
1 0.80703125 0.44375 0.0453125 0.1140625
1 0.9109375 0.3234375 0.0640625 0.1015625
1 0.88359375 0.409375 0.05 0.115625
1 0.95390625 0.36171875 0.065625 0.1109375
1 0.98125 0.4109375 0.0375 0.115625
1 0.08828125 0.29453125 0.053125 0.11875
1 0.12890625 0.3015625 0.0703125 0.115625
1 0.24765625 0.22109375 0.0609375 0.103125
1 0.228125 0.1828125 0.05625 0.1140625
1 0.49140625 0.478125 0.06875 0.1359375
1 0.5546875 0.46328125 0.0828125 0.1359375
1 0.5625 0.4515625 0.0515625 0.1296875
1 0.66796875 0.56875 0.0578125 0.1421875