1 0.86171875 0.5421875 0.0703125 0.11875
1 0.8046875 0.52109375 0.0421875 0.121875
1 0.44296875 0.4875 0.040625 0.11875
1 0.47265625 0.50703125 0.0390625 0.13125
1 0.62421875 0.6265625 0.0484375 0.1421875
1 0.6375 0.6 0.0421875 0.1265625
1 0.38125 0.453125 0.0265625 0.0875
1 0.3609375 0.57890625 0.0453125 0.1359375
1 0.3328125 0.55 0.04375 0.1421875
1 0.28203125 0.51328125 0.046875 0.1109375
1 0.2609375 0.4046875 0.04375 0.10625
1 0.371875 0.39296875 0.040625 0.1046875
1 0.45625 0.19296875 0.0265625 0.0734375
0 0.5796875 0.38125 0.0125 0.009375
0 0.5109375 0.22421875 0.0078125 0.0046875
0 0.915625 0.22265625 0.009375 0.00625