1 0.91875 0.55546875 0.02421875 0.121875
1 0.8328125 0.625 0.025 0.11640625
1 0.771875 0.56328125 0.021875 0.1203125
1 0.753125 0.63828125 0.03984375 0.12734375
1 0.3515625 0.76953125 0.0390625 0.1421875
1 0.47890625 0.6296875 0.028125 0.1265625
1 0.5984375 0.6359375 0.028125 0.13046875
1 0.4578125 0.58515625 0.02734375 0.1234375
1 0.59921875 0.48125 0.0296875 0.1046875
1 0.075 0.6671875 0.028125 0.13203125
1 0.2109375 0.42890625 0.03046875 0.08671875
1 0.2546875 0.4171875 0.02265625 0.10703125
0 0.05078125 0.32109375 0.00859375 0.00390625
0 0.57265625 0.278125 0.0078125 0.0046875
0 0.9125 0.534375 0.0109375 0.015625