1 0.86328125 0.45859375 0.0390625 0.12890625
1 0.52421875 0.4125 0.0375 0.11875
1 0.2296875 0.728125 0.046875 0.1609375
1 0.1296875 0.30703125 0.021875 0.11640625
1 0.20234375 0.35625 0.02734375 0.1109375
1 0.47421875 0.803125 0.03515625 0.103125
1 0.37421875 0.49609375 0.040625 0.13515625
1 0.39140625 0.18671875 0.02734375 0.09375
1 0.45859375 0.44140625 0.028125 0.1390625
1 0.2703125 0.5171875 0.03359375 0.14140625
1 0.75625 0.5234375 0.03203125 0.13984375
1 0.7703125 0.49921875 0.015625 0.10859375
1 0.7578125 0.43125 0.021875 0.084375
0 0.84765625 0.44296875 0.0078125 0.00859375
0 0.38671875 0.2203125 0.0078125 0.00390625
0 0.99765625 0.190625 0.0046875 0.003125