1 0.1265625 0.20546875 0.0421875 0.0921875
1 0.76875 0.46328125 0.0421875 0.128125
1 0.53828125 0.359375 0.0390625 0.1234375
1 0.775 0.21015625 0.0328125 0.1078125
1 0.21171875 0.2140625 0.034375 0.1
1 0.3515625 0.28125 0.03125 0.1015625
1 0.41640625 0.23828125 0.04375 0.1125
1 0.2765625 0.0671875 0.0328125 0.0890625
1 0.32109375 0.359375 0.046875 0.10625
1 0.82265625 0.24609375 0.040625 0.09375
1 0.065625 0.9 0.1 0.1265625
1 0.86171875 0.36015625 0.0359375 0.11875
1 0.7125 0.42578125 0.03125 0.0828125
1 0.83984375 0.33515625 0.0359375 0.115625
1 0.70390625 0.49375 0.0453125 0.1390625
1 0.31640625 0.3234375 0.0359375 0.10625
0 0.76875 0.1921875 0.0078125 0.015625