1 0.47578125 0.5125 0.0703125 0.128125
1 0.71171875 0.44140625 0.05625 0.0984375
1 0.5515625 0.35078125 0.053125 0.096875
1 0.8953125 0.7328125 0.0734375 0.15
1 0.58515625 0.3515625 0.0421875 0.09375
1 0.353125 0.54296875 0.0625 0.13125
1 0.4 0.41640625 0.046875 0.0953125
1 0.81015625 0.2875 0.0359375 0.08125
1 0.8640625 0.278125 0.0390625 0.0953125
1 0.31484375 0.475 0.046875 0.1046875
0 0.5078125 0.4203125 0.009375 0.0078125
0 0.5984375 0.2890625 0.009375 0.00625
0 0.25390625 0.37109375 0.009375 0.00625
1 0.8515625 0.42109375 0.046875 0.1109375
1 0.85390625 0.37890625 0.0515625 0.090625