1 0.10234375 0.2390625 0.03515625 0.0890625
1 0.76484375 0.43984375 0.03203125 0.12578125
1 0.52578125 0.35625 0.02890625 0.12109375
1 0.7484375 0.1875 0.02421875 0.10546875
1 0.18828125 0.240625 0.0265625 0.09765625
1 0.3328125 0.2953125 0.02265625 0.1
1 0.39375 0.246875 0.03359375 0.11015625
1 0.23984375 0.08828125 0.02578125 0.0875
1 0.309375 0.37578125 0.03828125 0.103125
1 0.79921875 0.21875 0.0328125 0.09140625
1 0.10234375 0.9359375 0.090625 0.11953125
1 0.8484375 0.32890625 0.02578125 0.11640625
1 0.70546875 0.4078125 0.02421875 0.08125
1 0.82421875 0.30625 0.0265625 0.11328125
1 0.70234375 0.47578125 0.0328125 0.13671875
1 0.3015625 0.33984375 0.0265625 0.10390625
0 0.740625 0.1703125 0.00703125 0.01484375