1 0.49921875 0.3453125 0.0359375 0.115625
1 0.52109375 0.21796875 0.0296875 0.096875
1 0.85 0.22734375 0.0328125 0.0921875
1 0.9 0.26328125 0.034375 0.115625
1 0.21953125 0.21875 0.025 0.084375
1 0.2109375 0.12578125 0.0265625 0.090625
1 0.43046875 0.309375 0.0328125 0.109375
1 0.27890625 0.2171875 0.0296875 0.0859375
1 0.9453125 0.290625 0.0296875 0.1140625
1 0.4640625 0.22109375 0.03125 0.090625
1 0.3828125 0.41328125 0.03125 0.1171875
1 0.3625 0.37578125 0.0390625 0.1234375
0 0.51640625 0.09375 0.0109375 0.0078125
0 0.36015625 0.13828125 0.009375 0.0046875
1 0.8359375 0.21796875 0.0203125 0.0921875