1 0.3625 0.29609375 0.02421875 0.10234375
1 0.7203125 0.434375 0.0296875 0.121875
1 0.42265625 0.33515625 0.0390625 0.09609375
1 0.296875 0.3359375 0.03828125 0.10390625
1 0.49140625 0.36640625 0.040625 0.1078125
1 0.45546875 0.259375 0.034375 0.090625
1 0.2859375 0.11328125 0.02265625 0.0890625
1 0.12578125 0.24296875 0.0296875 0.0875
1 0.8421875 0.31796875 0.0390625 0.11015625
1 0.878125 0.3296875 0.03125 0.09453125
1 0.85703125 0.225 0.02734375 0.096875
1 0.62265625 0.48671875 0.0296875 0.1140625
1 0.61640625 0.44375 0.03671875 0.13125
1 0.86015625 0.221875 0.02421875 0.1046875
0 0.84609375 0.2078125 0.003125 0.00546875