1 0.6203125 0.3671875 0.046875 0.11875
1 0.01640625 0.34765625 0.0328125 0.1046875
1 0.51875 0.440625 0.0515625 0.1171875
1 0.9296875 0.23359375 0.046875 0.096875
1 0.51640625 0.26796875 0.04375 0.1
1 0.45390625 0.33984375 0.0453125 0.1140625
1 0.240625 0.1515625 0.0328125 0.084375
1 0.32890625 0.3015625 0.05 0.1078125
1 0.5484375 0.24453125 0.05 0.09375
1 0.86796875 0.22109375 0.0578125 0.0921875
1 0.85546875 0.1578125 0.040625 0.0828125
0 0.3546875 0.14765625 0.0078125 0.0046875
0 0.83828125 0.1390625 0.0078125 0.015625
1 0.3265625 0.28125 0.0421875 0.0921875
1 0.503125 0.38984375 0.0390625 0.1
1 0.85078125 0.1578125 0.04375 0.0875