1 0.43984375 0.759375 0.053125 0.1796875
1 0.4390625 0.29140625 0.03125 0.10625
1 0.0109375 0.39296875 0.021875 0.1140625
1 0.88203125 0.553125 0.040625 0.15
1 0.54453125 0.37734375 0.0328125 0.1203125
1 0.12421875 0.521875 0.0375 0.128125
1 0.55078125 0.09921875 0.021875 0.08125
1 0.1234375 0.39921875 0.0375 0.13125
1 0.10234375 0.29921875 0.028125 0.090625
1 0.03125 0.39375 0.0328125 0.1046875
0 0.559375 0.66640625 0.015625 0.0078125
0 0.02109375 0.128125 0.0078125 0.003125
0 0.4296875 0.134375 0.009375 0.0046875
0 0.91796875 0.14453125 0.009375 0.0046875