1 0.8640625 0.46484375 0.040625 0.1296875
1 0.52578125 0.41328125 0.0390625 0.11875
1 0.22578125 0.7234375 0.05 0.1625
1 0.1328125 0.30078125 0.0234375 0.1171875
1 0.2046875 0.35078125 0.0296875 0.1109375
1 0.46875 0.80234375 0.0375 0.103125
1 0.37421875 0.49375 0.04375 0.1359375
1 0.396875 0.18515625 0.0296875 0.09375
1 0.459375 0.440625 0.03125 0.1390625
1 0.2703125 0.51328125 0.0359375 0.1421875
1 0.75546875 0.528125 0.034375 0.140625
1 0.7703125 0.50390625 0.0171875 0.109375
1 0.75859375 0.4359375 0.0234375 0.084375
0 0.8484375 0.44921875 0.0078125 0.009375
0 0.39140625 0.21875 0.0078125 0.0046875