1 0.83671875 0.765625 0.0578125 0.1390625
1 0.24453125 0.4609375 0.025 0.078125
1 0.7265625 0.6546875 0.0328125 0.1171875
1 0.103125 0.5109375 0.03125 0.0984375
1 0.46171875 0.48984375 0.028125 0.090625
1 0.6921875 0.49921875 0.025 0.0921875
1 0.79453125 0.68125 0.0265625 0.1140625
1 0.1203125 0.43984375 0.025 0.0890625
1 0.621875 0.4609375 0.025 0.0984375
1 0.38984375 0.5375 0.0265625 0.1015625
1 0.2703125 0.4015625 0.0203125 0.0671875
1 0.52734375 0.484375 0.0296875 0.075
1 0.3171875 0.47109375 0.0265625 0.084375
1 0.34296875 0.46171875 0.0234375 0.078125
1 0.9109375 0.43671875 0.0421875 0.09375
0 0.89609375 0.425 0.009375 0.0078125
0 0.83984375 0.29609375 0.00625 0.0046875
0 0.534375 0.28125 0.00625 0.003125