1 0.4734375 0.50703125 0.0453125 0.121875
1 0.71953125 0.48671875 0.03828125 0.0921875
1 0.58125 0.36484375 0.034375 0.09140625
1 0.83828125 0.81015625 0.04453125 0.14375
1 0.6140625 0.37265625 0.0234375 0.090625
1 0.34765625 0.51171875 0.03671875 0.12578125
1 0.41953125 0.39765625 0.02890625 0.090625
1 0.84765625 0.35703125 0.0203125 0.078125
1 0.90234375 0.35859375 0.02109375 0.0921875
1 0.32421875 0.43671875 0.0265625 0.1015625
0 0.52421875 0.4234375 0.0078125 0.00703125
0 0.63984375 0.3140625 0.0078125 0.00546875
0 0.2859375 0.32265625 0.00859375 0.00390625
1 0.86015625 0.49609375 0.025 0.10859375
1 0.87109375 0.4546875 0.03515625 0.0859375