0 0.0515625 0.32421875 0.009375 0.00625
0 0.19765625 0.36484375 0.0109375 0.0078125
1 0.0234375 0.40859375 0.03125 0.0890625
1 0.06953125 0.42265625 0.0453125 0.0890625
1 0.2265625 0.37890625 0.0640625 0.0859375
1 0.27734375 0.39375 0.0375 0.0859375
1 0.68671875 0.74609375 0.0359375 0.134375
1 0.7140625 0.76328125 0.059375 0.1390625
1 0.95078125 0.475 0.03125 0.109375
1 0.65 0.57109375 0.0484375 0.10625
1 0.5625 0.446875 0.0328125 0.090625
1 0.46640625 0.45078125 0.0375 0.0859375
0 0.46328125 0.38828125 0.009375 0.00625