1 0.69921875 0.38125 0.028125 0.090625
1 0.39453125 0.378125 0.028125 0.09375
1 0.72109375 0.51328125 0.0328125 0.1078125
1 0.63828125 0.57734375 0.040625 0.1296875
1 0.253125 0.540625 0.0359375 0.1203125
1 0.4765625 0.3625 0.03125 0.0859375
1 0.315625 0.6375 0.03125 0.128125
1 0.509375 0.303125 0.0234375 0.08125
1 0.7796875 0.37578125 0.034375 0.1
0 0.52109375 0.24765625 0.0109375 0.009375
0 0.68515625 0.3296875 0.0109375 0.0046875
1 0.71953125 0.4953125 0.0265625 0.1140625
1 0.64453125 0.54609375 0.03125 0.1328125