1 0.53125 0.7234375 0.0578125 0.1421875
1 0.6140625 0.76484375 0.0640625 0.1453125
1 0.3265625 0.709375 0.04375 0.1359375
1 0.2859375 0.47265625 0.0484375 0.1265625
1 0.60234375 0.50234375 0.0390625 0.1046875
1 0.20703125 0.6828125 0.0453125 0.1515625
1 0.6421875 0.58046875 0.05 0.11875
1 0.28359375 0.6296875 0.0484375 0.1234375
1 0.13828125 0.33203125 0.03125 0.10625
1 0.0578125 0.50546875 0.03125 0.1
1 0.584375 0.36171875 0.0296875 0.0875
1 0.02578125 0.59609375 0.0328125 0.15
1 0.565625 0.39609375 0.0234375 0.096875
0 0.62421875 0.72109375 0.0109375 0.0234375