0 0.82109375 0.61875 0.0140625 0.0171875
1 0.8296875 0.6375 0.0609375 0.1515625
1 0.7859375 0.8421875 0.1234375 0.1921875
1 0.60390625 0.609375 0.065625 0.1359375
1 0.4671875 0.48515625 0.0546875 0.140625
1 0.45859375 0.484375 0.0484375 0.125
1 0.42265625 0.56171875 0.0703125 0.14375
1 0.315625 0.53828125 0.06875 0.171875
1 0.234375 0.5390625 0.0875 0.15625
1 0.05078125 0.57265625 0.0921875 0.1765625
1 0.11953125 0.559375 0.003125 0.0015625
1 0.0578125 0.2984375 0.071875 0.1265625
1 0.0953125 0.23125 0.053125 0.1046875
1 0.1921875 0.025 0.0375 0.05
0 0.609375 0.09609375 0.009375 0.0078125