1 0.39609375 0.27734375 0.040625 0.1046875
1 0.728125 0.46953125 0.0484375 0.125
1 0.44921875 0.325 0.053125 0.1015625
1 0.325 0.30625 0.0546875 0.109375
1 0.5125 0.36640625 0.05625 0.1125
1 0.49375 0.25546875 0.0484375 0.0953125
1 0.34921875 0.084375 0.0359375 0.0921875
1 0.1703125 0.1875 0.04375 0.090625
1 0.86640625 0.3734375 0.05625 0.115625
1 0.9 0.390625 0.0453125 0.0984375
1 0.8953125 0.284375 0.0421875 0.1
1 0.6234375 0.50625 0.046875 0.1171875
1 0.6234375 0.4625 0.05625 0.1359375
1 0.89921875 0.28125 0.040625 0.1078125
0 0.8875 0.265625 0.0046875 0.00625