1 0.0765625 0.85078125 0.0734375 0.13125
1 0.16171875 0.19375 0.046875 0.1
1 0.6765625 0.20078125 0.0453125 0.0953125
1 0.809375 0.36171875 0.046875 0.1125
1 0.3328125 0.378125 0.0703125 0.13125
1 0.30859375 0.2515625 0.059375 0.1125
1 0.33984375 0.20546875 0.04375 0.09375
1 0.51953125 0.3609375 0.0625 0.1265625
1 0.2484375 0.021875 0.034375 0.04375
1 0.36015625 0.3328125 0.05 0.1046875
1 0.71953125 0.51640625 0.059375 0.1359375
1 0.7984375 0.28828125 0.04375 0.1015625
1 0.1671875 0.18671875 0.05625 0.0984375
1 0.74296875 0.490625 0.0625 0.1265625
1 0.7578125 0.4640625 0.06875 0.115625
1 0.82421875 0.3765625 0.0453125 0.1140625
0 0.675 0.19140625 0.009375 0.0078125