0 0.83984375 0.54375 0.01171875 0.01484375
1 0.85234375 0.559375 0.028125 0.1484375
1 0.85546875 0.76875 0.08515625 0.178125
1 0.62578125 0.58359375 0.03671875 0.13046875
1 0.46484375 0.49296875 0.02421875 0.13828125
1 0.45625 0.49375 0.021875 0.1234375
1 0.43828125 0.57734375 0.03984375 0.1390625
1 0.32890625 0.57890625 0.03203125 0.16953125
1 0.25 0.59765625 0.05546875 0.146875
1 0.07890625 0.671875 0.05546875 0.16875
1 0.00390625 0.640625 0.0078125 0.16171875
1 0.14296875 0.64375 0.00234375 0.00078125
1 0.0234375 0.403125 0.046875 0.11875
1 0.0453125 0.32890625 0.03125 0.10078125
1 0.08984375 0.08984375 0.01953125 0.08359375
1 0.06953125 0.940625 0.03359375 0.11796875
0 0.515625 0.08203125 0.00859375 0.00546875