1 0.89296875 0.50078125 0.059375 0.0890625
1 0.55390625 0.60625 0.05 0.11875
1 0.1140625 0.35546875 0.034375 0.0953125
1 0.621875 0.6328125 0.04375 0.1296875
1 0.39140625 0.5125 0.0375 0.1125
1 0.3046875 0.41953125 0.0453125 0.1109375
1 0.41875 0.51953125 0.0390625 0.1203125
1 0.06484375 0.38125 0.0390625 0.0984375
1 0.82265625 0.4828125 0.0453125 0.084375
1 0.51484375 0.39296875 0.0390625 0.0796875
1 0.796875 0.4109375 0.046875 0.0796875
1 0.23359375 0.45 0.0390625 0.1015625
1 0.5453125 0.4 0.0421875 0.08125
0 0.3125 0.33984375 0.0078125 0.0046875
0 0.77578125 0.40546875 0.009375 0.0046875
1 0.815625 0.41875 0.04375 0.078125