0 0.475 0.3328125 0.0125 0.01875
1 0.4796875 0.36328125 0.0453125 0.1328125
1 0.4296875 0.38125 0.04375 0.115625
1 0.38828125 0.50703125 0.0609375 0.1546875
1 0.58671875 0.5625 0.06875 0.1578125
1 0.61015625 0.54921875 0.0640625 0.159375
1 0.73359375 0.37109375 0.05625 0.125
1 0.8140625 0.32578125 0.05625 0.1171875
1 0.93984375 0.328125 0.059375 0.1125
1 0.95546875 0.36015625 0.0609375 0.1203125
1 0.290625 0.415625 0.053125 0.14375
1 0.140625 0.2421875 0.05625 0.1140625
1 0.15 0.228125 0.065625 0.1234375