1 0.29609375 0.25234375 0.025 0.096875
1 0.41953125 0.384375 0.03125 0.103125
1 0.46640625 0.35390625 0.02578125 0.11796875
1 0.4953125 0.321875 0.03046875 0.0921875
1 0.5875 0.39140625 0.02421875 0.12109375
1 0.63984375 0.4484375 0.0359375 0.115625
1 0.6796875 0.4734375 0.03125 0.12421875
1 0.70859375 0.3515625 0.0296875 0.10234375
1 0.4046875 0.5875 0.04765625 0.11953125
1 0.7140625 0.640625 0.0390625 0.14921875
0 0.51171875 0.2671875 0.01015625 0.0078125
0 0.70078125 0.15625 0.0078125 0.00546875
0 0.18046875 0.19296875 0.00859375 0.0046875