1 0.25625 0.96328125 0.06875 0.0734375
1 0.06640625 0.3578125 0.04375 0.1
1 0.53984375 0.1546875 0.0421875 0.0953125
1 0.7265625 0.24765625 0.04375 0.1125
1 0.29765625 0.45625 0.065625 0.1296875
1 0.22421875 0.35078125 0.05625 0.1125
1 0.23359375 0.29609375 0.040625 0.09375
1 0.4609375 0.36484375 0.059375 0.1265625
1 0.06796875 0.1484375 0.0328125 0.0828125
1 0.3046875 0.40390625 0.046875 0.1046875
1 0.70703125 0.42578125 0.0546875 0.1359375
1 0.68671875 0.18515625 0.040625 0.1015625
1 0.06875 0.34921875 0.053125 0.0984375
1 0.71796875 0.3921875 0.059375 0.1265625
1 0.72109375 0.3625 0.065625 0.1140625
1 0.74609375 0.25546875 0.040625 0.1140625
0 0.534375 0.146875 0.009375 0.00625