1 0.7640625 0.46171875 0.0328125 0.09765625
1 0.72578125 0.3953125 0.03046875 0.06640625
1 0.559375 0.5171875 0.01796875 0.10234375
1 0.46875 0.465625 0.0296875 0.0921875
1 0.42734375 0.503125 0.0265625 0.09609375
1 0.4296875 0.5203125 0.02421875 0.1046875
1 0.353125 0.553125 0.01875 0.11171875
1 0.25078125 0.57265625 0.02265625 0.121875
1 0.28828125 0.5828125 0.025 0.12109375
1 0.15625 0.58125 0.0375 0.12890625
1 0.35625 0.26796875 0.02109375 0.06484375
0 0.73515625 0.378125 0.0078125 0.00703125