1 0.60390625 0.37578125 0.034375 0.0890625
1 0.21015625 0.4234375 0.040625 0.096875
1 0.728125 0.47734375 0.040625 0.1015625
1 0.41796875 0.5875 0.053125 0.10625
1 0.1734375 0.5359375 0.05625 0.1171875
1 0.8734375 0.70546875 0.0515625 0.134375
1 0.94375 0.51171875 0.0421875 0.1015625
1 0.63359375 0.3703125 0.0359375 0.0890625
1 0.76640625 0.490625 0.0625 0.075
1 0.146875 0.50546875 0.053125 0.11875
1 0.13671875 0.4359375 0.0421875 0.084375
0 0.2171875 0.25625 0.0078125 0.0046875
0 0.7984375 0.5078125 0.009375 0.00625