0 0.77734375 0.36328125 0.0109375 0.009375
0 0.84921875 0.11796875 0.0078125 0.0046875
0 0.33125 0.18203125 0.0078125 0.0046875
1 0.78046875 0.36640625 0.0296875 0.1203125
1 0.7515625 0.29375 0.028125 0.103125
1 0.715625 0.3796875 0.0421875 0.1234375
1 0.6515625 0.31875 0.034375 0.103125
1 0.6984375 0.4625 0.0375 0.1296875
1 0.7875 0.59375 0.0484375 0.1453125
1 0.36328125 0.44296875 0.0453125 0.125
1 0.36796875 0.4265625 0.040625 0.115625
1 0.41015625 0.309375 0.03125 0.0984375
1 0.296875 0.31484375 0.046875 0.09375
1 0.1265625 0.5625 0.0421875 0.125