1 0.54375 0.34375 0.040625 0.0890625
1 0.2046875 0.54765625 0.046875 0.0984375
1 0.69921875 0.38671875 0.046875 0.1015625
1 0.4609375 0.61328125 0.059375 0.1078125
1 0.21640625 0.665625 0.0625 0.11875
1 0.92421875 0.5359375 0.0609375 0.134375
1 0.91015625 0.33046875 0.0484375 0.1015625
1 0.56953125 0.32734375 0.0421875 0.0890625
1 0.73984375 0.3828125 0.0671875 0.0765625
1 0.1796875 0.6484375 0.0609375 0.1203125
1 0.1421875 0.5890625 0.046875 0.084375
0 0.1421875 0.39296875 0.0078125 0.00625
0 0.77578125 0.3859375 0.0109375 0.00625