0 0.421875 0.35 0.0125 0.01875
1 0.4359375 0.37734375 0.046875 0.134375
1 0.39453125 0.4109375 0.0453125 0.115625
1 0.396875 0.54296875 0.0640625 0.1546875
1 0.60234375 0.53125 0.071875 0.159375
1 0.6203125 0.5109375 0.0671875 0.159375
1 0.678125 0.3015625 0.059375 0.1265625
1 0.73984375 0.2328125 0.0578125 0.1171875
1 0.86015625 0.19453125 0.0609375 0.1125
1 0.88515625 0.21953125 0.0625 0.121875
1 0.27421875 0.48828125 0.0546875 0.14375
1 0.0765625 0.3734375 0.0578125 0.1140625
1 0.08046875 0.35625 0.0671875 0.1234375