1 0.609375 0.60390625 0.0515625 0.1375
1 0.47265625 0.58046875 0.05 0.1296875
1 0.68203125 0.6140625 0.0390625 0.14296875
1 0.553125 0.53203125 0.03125 0.128125
1 0.871875 0.5953125 0.034375 0.14140625
1 0.40390625 0.42578125 0.03046875 0.1203125
1 0.16875 0.75546875 0.03359375 0.1625
1 0.1984375 0.4125 0.03125 0.12890625
1 0.42421875 0.571875 0.05703125 0.13515625
1 0.7203125 0.5765625 0.0359375 0.11015625
1 0.0765625 0.4984375 0.0296875 0.1421875
1 0.28125 0.67578125 0.03125 0.15078125
1 0.33984375 0.61015625 0.02578125 0.1375
0 0.70625 0.5890625 0.0125 0.015625