1 0.41875 0.4515625 0.034375 0.14375
1 0.5359375 0.509375 0.05 0.1390625
1 0.55703125 0.49453125 0.04375 0.115625
1 0.59609375 0.4796875 0.053125 0.1390625
1 0.603125 0.36796875 0.034375 0.115625
1 0.6265625 0.3578125 0.0359375 0.128125
1 0.71875 0.290625 0.03125 0.1
1 0.80546875 0.24453125 0.03125 0.109375
1 0.8625 0.2171875 0.0484375 0.109375
1 0.9046875 0.24296875 0.0515625 0.1203125
1 0.015625 0.4171875 0.03125 0.109375
1 0.04296875 0.4640625 0.0546875 0.1
1 0.1859375 0.325 0.05 0.1015625
1 0.17109375 0.30625 0.0515625 0.071875
0 0.6140625 0.3296875 0.0125 0.0171875