1 0.58046875 0.359375 0.0203125 0.08671875
1 0.2015625 0.475 0.025 0.09453125
1 0.72109375 0.43828125 0.0234375 0.09921875
1 0.434375 0.60078125 0.03515625 0.10234375
1 0.184375 0.5921875 0.03671875 0.11328125
1 0.903125 0.6375 0.0296875 0.13125
1 0.9390625 0.434375 0.02578125 0.0984375
1 0.609375 0.34921875 0.021875 0.08671875
1 0.7609375 0.44453125 0.05234375 0.06640625
1 0.153125 0.56640625 0.03359375 0.11484375
1 0.13125 0.5 0.028125 0.08046875
0 0.17890625 0.309375 0.0078125 0.00390625
0 0.7953125 0.45625 0.009375 0.0046875