1 0.85546875 0.5796875 0.05859375 0.1125
1 0.80078125 0.553125 0.0296875 0.11875
1 0.44453125 0.48125 0.02890625 0.11640625
1 0.471875 0.50390625 0.025 0.1296875
1 0.61015625 0.6390625 0.03359375 0.1390625
1 0.6265625 0.6140625 0.02890625 0.125
1 0.38671875 0.440625 0.01796875 0.08671875
1 0.353125 0.5640625 0.03203125 0.13359375
1 0.32890625 0.53203125 0.02890625 0.13984375
1 0.28203125 0.490625 0.03515625 0.1078125
1 0.271875 0.38046875 0.0328125 0.103125
1 0.38359375 0.38046875 0.03046875 0.10234375
1 0.48828125 0.18984375 0.01875 0.07265625
1 0.9921875 0.78828125 0.015625 0.14375
0 0.59140625 0.38984375 0.0109375 0.00859375
0 0.53984375 0.2265625 0.0078125 0.00390625
0 0.9421875 0.26796875 0.00859375 0.0046875