0 0.44921875 0.3390625 0.009375 0.0171875
1 0.45859375 0.36796875 0.025 0.13125
1 0.41171875 0.39375 0.02578125 0.1125
1 0.390625 0.52421875 0.03828125 0.15
1 0.5953125 0.5484375 0.0453125 0.153125
1 0.61640625 0.53125 0.040625 0.1546875
1 0.71015625 0.3359375 0.03828125 0.12109375
1 0.7828125 0.27890625 0.0390625 0.11171875
1 0.9078125 0.26171875 0.04375 0.10703125
1 0.928125 0.290625 0.04375 0.115625
1 0.2796875 0.44921875 0.03125 0.13984375
1 0.1046875 0.3015625 0.03984375 0.109375
1 0.11171875 0.2859375 0.04765625 0.1171875