0 0.06875 0.2859375 0.009375 0.00625
0 0.2109375 0.3390625 0.0109375 0.0078125
1 0.0328125 0.3671875 0.0390625 0.0890625
1 0.078125 0.38515625 0.0515625 0.090625
1 0.23828125 0.35546875 0.0703125 0.0890625
1 0.2875 0.375 0.04375 0.0875
1 0.66484375 0.7609375 0.046875 0.134375
1 0.690625 0.78046875 0.0703125 0.1421875
1 0.9515625 0.51484375 0.040625 0.109375
1 0.64296875 0.58359375 0.05625 0.1078125
1 0.56640625 0.45234375 0.040625 0.090625
1 0.47109375 0.4484375 0.0453125 0.0875
0 0.47265625 0.3859375 0.0109375 0.0078125